-- The C compiler identification is GNU 5.3.0
-- The CXX compiler identification is GNU 5.3.0
-- Check for working C compiler: /share/apps/gcc/5.3.0/bin/gcc
-- Check for working C compiler: /share/apps/gcc/5.3.0/bin/gcc -- works
-- Detecting C compiler ABI info
-- Detecting C compiler ABI info - done
-- Detecting C compile features
-- Detecting C compile features - done
-- Check for working CXX compiler: /share/apps/gcc/5.3.0/bin/g++
-- Check for working CXX compiler: /share/apps/gcc/5.3.0/bin/g++ -- works
-- Detecting CXX compiler ABI info
-- Detecting CXX compiler ABI info - done
-- Detecting CXX compile features
-- Detecting CXX compile features - done
-- Found MPI_C: /share/apps/openmpi/1.8.4/gnu/eth/lib/libmpi.so (found version "3.0") 
-- Found MPI_CXX: /share/apps/openmpi/1.8.4/gnu/eth/lib/libmpi_cxx.so (found version "3.0") 
-- Found MPI: TRUE (found version "3.0")  
-- Configuring done
-- Generating done
-- Build files have been written to: /home/a77486/AP2/2/build
Scanning dependencies of target rb
[ 16%] Building CXX object CMakeFiles/rb.dir/src/block_independent.cpp.o
[ 33%] Building CXX object CMakeFiles/rb.dir/src/idependent.cpp.o
[ 50%] Building CXX object CMakeFiles/rb.dir/src/red_black.cpp.o
[ 66%] Building CXX object CMakeFiles/rb.dir/src/sequencial.cpp.o
[ 83%] Building CXX object CMakeFiles/rb.dir/src/main.cpp.o
[100%] Linking CXX executable rb
[100%] Built target rb
100 100 100 100 100 100 100 100 100 
100 0 0 0 0 0 0 62.5 100 
100 0 0 0 0 0 25 0 100 
100 0 0 0 0 0 0 0 100 
100 0 0 0 0 0 0 0 100 
100 0 0 0 0 0 0 0 100 
100 0 0 0 0 0 0 0 100 
100 0 0 0 0 0 0 0 100 
0 0 0 0 0 0 0 0 0 
100 100 100 100 100 100 100 100 100 
100 50 50 50 50 50 50 50 100 
100 50 50 50 50 50 50 50 100 
100 50 50 50 50 50 50 50 100 
100 50 50 50 50 50 50 50 100 
100 50 50 50 50 50 50 50 100 
100 50 50 50 50 50 50 50 100 
100 50 50 50 50 50 50 50 100 
0 0 0 0 0 0 0 0 0 

100 100 100 100 100 100 100 100 100 
100 0 0 0 0 0 0 0 100 
100 0 0 0 0 0 0 0 100 
100 0 25 0 0 0 0 0 100 
100 50 0 0 0 0 0 0 100 
100 0 25 0 0 0 0 0 100 
100 0 0 0 0 0 0 0 100 
100 0 0 0 0 0 0 0 100 
0 0 0 0 0 0 0 0 0 
100 100 100 100 100 100 100 100 100 
100 50 50 50 50 50 50 50 100 
100 50 50 50 50 50 50 50 100 
100 50 50 50 50 50 50 50 100 
100 50 50 50 50 50 50 50 100 
100 50 50 50 50 50 50 50 100 
100 50 50 50 50 50 50 50 100 
100 50 50 50 50 50 50 50 100 
0 0 0 0 0 0 0 0 0 

100 100 100 100 100 100 100 100 100 
100 0 0 0 0 0 0 0 100 
100 0 0 0 0 0 0 0 100 
100 0 0 0 0 0 0 37.5 100 
100 0 0 0 0 0 25 0 100 
100 0 0 0 0 0 0 37.5 100 
100 0 0 0 0 0 0 0 100 
100 0 0 0 0 0 0 0 100 
0 0 0 0 0 0 0 0 0 
100 100 100 100 100 100 100 100 100 
100 50 50 50 50 50 50 50 100 
100 50 50 50 50 50 50 50 100 
100 50 50 50 50 50 50 50 100 
100 50 50 50 50 50 50 50 100 
100 50 50 50 50 50 50 50 100 
100 50 50 50 50 50 50 50 100 
100 50 50 50 50 50 50 50 100 
0 0 0 0 0 0 0 0 0 

100 100 100 100 100 100 100 100 100 
100 0 0 0 0 0 0 0 100 
100 0 0 0 0 0 0 0 100 
100 0 0 0 0 0 0 0 100 
100 0 0 0 0 0 0 0 100 
100 0 0 0 0 0 0 0 100 
100 50 0 0 0 0 0 0 100 
100 0 12.5 0 0 0 0 0 100 
0 0 0 0 0 0 0 0 0 
100 100 100 100 100 100 100 100 100 
100 50 50 50 50 50 50 50 100 
100 50 50 50 50 50 50 50 100 
100 50 50 50 50 50 50 50 100 
100 50 50 50 50 50 50 50 100 
100 50 50 50 50 50 50 50 100 
100 50 50 50 50 50 50 50 100 
100 50 50 50 50 50 50 50 100 
0 0 0 0 0 0 0 0 0 

100 100 100 100 100 100 100 100 100 
100 0 0 0 0 0 0 0 100 
100 0 0 0 0 0 0 0 100 
100 0 0 0 0 0 0 0 100 
100 0 0 0 0 0 0 0 100 
100 0 0 0 0 0 0 0 100 
100 0 0 25 0 25 0 0 100 
100 0 0 0 12.5 0 0 0 100 
0 0 0 0 0 0 0 0 0 
100 100 100 100 100 100 100 100 100 
100 50 50 50 50 50 50 50 100 
100 50 50 50 50 50 50 50 100 
100 50 50 50 50 50 50 50 100 
100 50 50 50 50 50 50 50 100 
100 50 50 50 50 50 50 50 100 
100 50 50 50 50 50 50 50 100 
100 50 50 50 50 50 50 50 100 
0 0 0 0 0 0 0 0 0 

100 100 100 100 100 100 100 100 100 
100 0 0 0 0 0 0 0 100 
100 0 0 0 0 0 0 0 100 
100 0 0 0 0 0 0 0 100 
100 0 0 0 0 0 0 0 100 
100 0 0 0 0 0 0 0 100 
100 0 0 0 0 0 25 0 100 
100 0 0 0 0 0 0 25 100 
0 0 0 0 0 0 0 0 0 
100 100 100 100 100 100 100 100 100 
100 50 50 50 50 50 50 50 100 
100 50 50 50 50 50 50 50 100 
100 50 50 50 50 50 50 50 100 
100 50 50 50 50 50 50 50 100 
100 50 50 50 50 50 50 50 100 
100 50 50 50 50 50 50 50 100 
100 50 50 50 50 50 50 50 100 
0 0 0 0 0 0 0 0 0 

100 100 100 100 100 100 100 100 100 
100 0 50 0 0 0 0 0 100 
100 50 0 0 0 0 0 0 100 
100 0 0 0 0 0 0 0 100 
100 0 0 0 0 0 0 0 100 
100 0 0 0 0 0 0 0 100 
100 0 0 0 0 0 0 0 100 
100 0 0 0 0 0 0 0 100 
0 0 0 0 0 0 0 0 0 
100 100 100 100 100 100 100 100 100 
100 50 50 50 50 50 50 50 100 
100 50 50 50 50 50 50 50 100 
100 50 50 50 50 50 50 50 100 
100 50 50 50 50 50 50 50 100 
100 50 50 50 50 50 50 50 100 
100 50 50 50 50 50 50 50 100 
100 50 50 50 50 50 50 50 100 
0 0 0 0 0 0 0 0 0 

100 100 100 100 100 100 100 100 100 
100 0 0 0 50 0 0 0 100 
100 0 0 25 0 25 0 0 100 
100 0 0 0 0 0 0 0 100 
100 0 0 0 0 0 0 0 100 
100 0 0 0 0 0 0 0 100 
100 0 0 0 0 0 0 0 100 
100 0 0 0 0 0 0 0 100 
0 0 0 0 0 0 0 0 0 
100 100 100 100 100 100 100 100 100 
100 50 50 50 50 50 50 50 100 
100 50 50 50 50 50 50 50 100 
100 50 50 50 50 50 50 50 100 
100 50 50 50 50 50 50 50 100 
100 50 50 50 50 50 50 50 100 
100 50 50 50 50 50 50 50 100 
100 50 50 50 50 50 50 50 100 
0 0 0 0 0 0 0 0 0 

100 100 100 100 100 100 100 100 100 
100 0 0 0 0 0 0 0 100 
100 0 0 0 0 0 0 0 100 
100 0 0 0 25 0 0 0 100 
100 0 0 25 0 25 0 0 100 
100 0 0 0 25 0 0 0 100 
100 0 0 0 0 0 0 0 100 
100 0 0 0 0 0 0 0 100 
0 0 0 0 0 0 0 0 0 
100 100 100 100 100 100 100 100 100 
100 50 50 50 50 50 50 50 100 
100 50 50 50 50 50 50 50 100 
100 50 50 50 50 50 50 50 100 
100 50 50 50 50 50 50 50 100 
100 50 50 50 50 50 50 50 100 
100 50 50 50 50 50 50 50 100 
100 50 50 50 50 50 50 50 100 
0 0 0 0 0 0 0 0 0 

100 100 100 100 100 100 100 100 100 
100 98.2427 96.7758 95.8155 95.4844 95.8203 96.7832 98.2487 100 
100 96.2044 93.0587 91.017 90.3164 91.0253 93.0713 96.2147 100 
100 93.5297 88.2568 84.8989 83.7587 84.9089 88.2721 93.5422 100 
100 89.6729 81.5614 76.5865 74.9321 76.5964 81.5766 89.6854 100 
100 83.6151 71.7491 64.9752 62.8066 64.9836 71.7622 83.6257 100 
100 73.0499 56.8607 48.7754 46.351 48.7814 56.8699 73.0574 100 
100 51.7314 33.8784 26.9252 25.0503 26.9282 33.883 51.7351 100 
0 0 0 0 0 0 0 0 0 

Time difference = 439414
100 100 100 100 100 100 100 100 100 
100 0 0 2.37152e-322 25 0 0 0 100 
100 0 0 5.92879e-323 0 0 0 0 100 
100 0 0 0 0 0 0 0 100 
100 0 0 0 0 0 0 0 100 
100 0 0 0 0 0 0 0 100 
100 0 0 0 0 0 0 0 100 
100 0 0 0 0 0 0 0 100 
0 0 0 0 0 0 0 0 0 
100 100 100 100 100 100 100 100 100 
100 0 0 2.37152e-322 50 0 0 0 100 
100 0 0 25 0 25 0 0 100 
100 0 0 0 0 0 0 0 100 
100 0 0 0 0 0 0 0 100 
100 0 0 0 0 0 0 0 100 
100 0 0 0 0 0 0 0 100 
100 0 0 0 0 0 0 0 100 
0 0 0 0 0 0 0 0 0 

100 100 100 100 100 100 100 100 100 
100 0 0 0 0 0 0 0 100 
100 0 0 0 0 0 0 0 100 
100 0 0 0 0 0 2.35138e-310 25 100 
100 0 0 0 0 0 1.1757e-310 2.35142e-310 100 
100 0 0 0 0 0 1.5895e-316 25 100 
100 0 0 0 0 0 0 0 100 
100 0 0 0 0 0 0 0 100 
0 0 0 0 0 0 0 0 0 
100 100 100 100 100 100 100 100 100 
100 0 0 0 0 0 0 0 100 
100 0 0 0 0 0 0 0 100 
100 0 0 0 0 0 2.35138e-310 37.5 100 
100 0 0 0 0 0 25 2.35142e-310 100 
100 0 0 0 0 0 1.5895e-316 37.5 100 
100 0 0 0 0 0 0 0 100 
100 0 0 0 0 0 0 0 100 
0 0 0 0 0 0 0 0 0 

100 100 100 100 100 100 100 100 100 
100 0 0 0 0 0 0 0 100 
100 0 0 0 0 0 0 0 100 
100 0 0 0 0 0 0 0 100 
100 0 0 0 0 0 0 0 100 
100 0 0 0 0 0 0 0 100 
100 25 2.34601e-310 0 0 0 0 0 100 
100 0 5.86503e-311 0 0 0 0 0 100 
0 0 0 0 0 0 0 0 0 
100 100 100 100 100 100 100 100 100 
100 0 0 0 0 0 0 0 100 
100 0 0 0 0 0 0 0 100 
100 0 0 0 0 0 0 0 100 
100 0 0 0 0 0 0 0 100 
100 0 0 0 0 0 0 0 100 
100 50 2.34601e-310 0 0 0 0 0 100 
100 0 12.5 0 0 0 0 0 100 
0 0 0 0 0 0 0 0 0 

100 100 100 100 100 100 100 100 100 
100 0 0 0 0 0 0 0 100 
100 0 0 0 0 0 0 0 100 
100 0 0 0 0 0 0 0 100 
100 0 0 0 0 0 0 0 100 
100 0 0 0 0 0 0 0 100 
100 0 0 2.27092e+223 9.08367e+223 2.27092e+223 0 0 100 
100 0 0 1.18576e-322 2.27092e+223 2.35301e-310 0 0 100 
0 0 0 0 0 0 0 0 0 
100 100 100 100 100 100 100 100 100 
100 0 0 0 0 0 0 0 100 
100 0 0 0 0 0 0 0 100 
100 0 0 0 0 0 0 0 100 
100 0 0 0 0 0 0 0 100 
100 0 0 0 0 0 0 0 100 
100 0 0 25 9.08367e+223 25 0 0 100 
100 0 0 1.18576e-322 12.5 2.35301e-310 0 0 100 
0 0 0 0 0 0 0 0 0 

100 100 100 100 100 100 100 100 100 
100 0 0 0 0 0 0 0 100 
100 0 0 0 0 0 0 0 100 
100 0 0 0 0 0 0 0 100 
100 0 0 0 0 0 0 0 100 
100 0 0 0 0 0 0 0 100 
100 0 0 0 0 0 0 0 100 
100 0 0 0 0 0 0 0 100 
0 0 0 0 0 0 0 0 0 
100 100 100 100 100 100 100 100 100 
100 0 0 0 0 0 0 0 100 
100 0 0 0 0 0 0 0 100 
100 0 0 0 25 0 0 0 100 
100 0 0 25 0 25 0 0 100 
100 0 0 0 25 0 0 0 100 
100 0 0 0 0 0 0 0 100 
100 0 0 0 0 0 0 0 100 
0 0 0 0 0 0 0 0 0 

100 100 100 100 100 100 100 100 100 
100 0 0 0 0 0 0 0 100 
100 0 0 0 0 0 0 0 100 
100 0 0 0 0 0 0 0 100 
100 0 0 0 0 0 0 0 100 
100 0 0 0 0 0 0 0 100 
100 0 0 0 0 0 0 0 100 
100 0 0 0 0 0 0 25 100 
0 0 0 0 0 0 0 0 0 
100 100 100 100 100 100 100 100 100 
100 0 0 0 0 0 0 0 100 
100 0 0 0 0 0 0 0 100 
100 0 0 0 0 0 0 0 100 
100 0 0 0 0 0 0 0 100 
100 0 0 0 0 0 0 0 100 
100 0 0 0 0 0 25 0 100 
100 0 0 0 0 0 0 25 100 
0 0 0 0 0 0 0 0 0 

100 100 100 100 100 100 100 100 100 
100 0 0 0 0 0 0 50 100 
100 0 0 0 0 0 5.85052e-311 2.34021e-310 100 
100 0 0 0 0 0 0 0 100 
100 0 0 0 0 0 0 0 100 
100 0 0 0 0 0 0 0 100 
100 0 0 0 0 0 0 0 100 
100 0 0 0 0 0 0 0 100 
0 0 0 0 0 0 0 0 0 
100 100 100 100 100 100 100 100 100 
100 0 0 0 0 0 0 62.5 100 
100 0 0 0 0 0 25 2.34021e-310 100 
100 0 0 0 0 0 0 0 100 
100 0 0 0 0 0 0 0 100 
100 0 0 0 0 0 0 0 100 
100 0 0 0 0 0 0 0 100 
100 0 0 0 0 0 0 0 100 
0 0 0 0 0 0 0 0 0 

100 100 100 100 100 100 100 100 100 
100 0 0 0 0 0 0 0 100 
100 0 0 0 0 0 0 0 100 
100 0 0 0 0 0 0 0 100 
100 0 0 0 0 0 0 0 100 
100 0 0 0 0 0 0 0 100 
100 25 2.34601e-310 0 0 0 0 0 100 
100 0 5.86503e-311 0 0 0 0 0 100 
0 0 0 0 0 0 0 0 0 
100 100 100 100 100 100 100 100 100 
100 0 0 0 0 0 0 0 100 
100 0 0 0 0 0 0 0 100 
100 0 0 0 0 0 0 0 100 
100 0 0 0 0 0 0 0 100 
100 0 0 0 0 0 0 0 100 
100 25 2.34601e-310 0 0 0 0 0 100 
100 0 5.86503e-311 0 0 0 0 0 100 
0 0 0 0 0 0 0 0 0 

100 100 100 100 100 100 100 100 100 
100 0 0 0 0 0 0 50 100 
100 0 0 0 0 0 5.85052e-311 2.34021e-310 100 
100 0 0 0 0 0 0 0 100 
100 0 0 0 0 0 0 0 100 
100 0 0 0 0 0 0 0 100 
100 0 0 0 0 0 0 0 100 
100 0 0 0 0 0 0 0 100 
0 0 0 0 0 0 0 0 0 
100 100 100 100 100 100 100 100 100 
100 0 0 0 0 0 0 50 100 
100 0 0 0 0 0 5.85052e-311 2.34021e-310 100 
100 0 0 0 0 0 0 0 100 
100 0 0 0 0 0 0 0 100 
100 0 0 0 0 0 0 0 100 
100 0 0 0 0 0 0 0 100 
100 0 0 0 0 0 0 0 100 
0 0 0 0 0 0 0 0 0 

100 100 100 100 100 100 100 100 100 
100 1.71133e-316 25 0 0 0 0 0 100 
100 25 0 0 0 0 0 0 100 
100 0 0 0 0 0 0 0 100 
100 0 0 0 0 0 0 0 100 
100 0 0 0 0 0 0 0 100 
100 0 0 0 0 0 0 0 100 
100 0 0 0 0 0 0 0 100 
0 0 0 0 0 0 0 0 0 
100 100 100 100 100 100 100 100 100 
100 1.71133e-316 50 0 0 0 0 0 100 
100 50 0 0 0 0 0 0 100 
100 0 0 0 0 0 0 0 100 
100 0 0 0 0 0 0 0 100 
100 0 0 0 0 0 0 0 100 
100 0 0 0 0 0 0 0 100 
100 0 0 0 0 0 0 0 100 
0 0 0 0 0 0 0 0 0 

100 100 100 100 100 100 100 100 100 
100 2.32211e-310 25 0 0 0 0 0 100 
100 25 0 0 0 0 0 0 100 
100 0 0 0 0 0 0 0 100 
100 0 0 0 0 0 0 0 100 
100 0 0 0 0 0 0 0 100 
100 0 0 0 0 0 0 0 100 
100 0 0 0 0 0 0 0 100 
0 0 0 0 0 0 0 0 0 
100 100 100 100 100 100 100 100 100 
100 2.32211e-310 25 0 0 0 0 0 100 
100 25 0 0 0 0 0 0 100 
100 0 0 0 0 0 0 0 100 
100 0 0 0 0 0 0 0 100 
100 0 0 0 0 0 0 0 100 
100 0 0 0 0 0 0 0 100 
100 0 0 0 0 0 0 0 100 
0 0 0 0 0 0 0 0 0 

100 100 100 100 100 100 100 100 100 
100 0 0 0 0 0 0 0 100 
100 0 0 0 0 0 0 0 100 
100 5.53354e-322 2.55961e-317 0 0 0 0 0 100 
100 25 1.02384e-316 0 0 0 0 0 100 
100 2.32656e-310 5.8164e-311 0 0 0 0 0 100 
100 0 0 0 0 0 0 0 100 
100 0 0 0 0 0 0 0 100 
0 0 0 0 0 0 0 0 0 
100 100 100 100 100 100 100 100 100 
100 0 0 0 0 0 0 0 100 
100 0 0 0 0 0 0 0 100 
100 5.53354e-322 25 0 0 0 0 0 100 
100 50 1.02384e-316 0 0 0 0 0 100 
100 2.32656e-310 25 0 0 0 0 0 100 
100 0 0 0 0 0 0 0 100 
100 0 0 0 0 0 0 0 100 
0 0 0 0 0 0 0 0 0 

100 100 100 100 100 100 100 100 100 
100 0 0 0 0 0 0 0 100 
100 0 0 0 0 0 0 0 100 
100 5.53354e-322 2.55961e-317 0 0 0 0 0 100 
100 25 1.02384e-316 0 0 0 0 0 100 
100 2.32656e-310 5.8164e-311 0 0 0 0 0 100 
100 0 0 0 0 0 0 0 100 
100 0 0 0 0 0 0 0 100 
0 0 0 0 0 0 0 0 0 
100 100 100 100 100 100 100 100 100 
100 0 0 0 0 0 0 0 100 
100 0 0 0 0 0 0 0 100 
100 5.53354e-322 2.55961e-317 0 0 0 0 0 100 
100 25 1.02384e-316 0 0 0 0 0 100 
100 2.32656e-310 5.8164e-311 0 0 0 0 0 100 
100 0 0 0 0 0 0 0 100 
100 0 0 0 0 0 0 0 100 
0 0 0 0 0 0 0 0 0 

100 100 100 100 100 100 100 100 100 
100 0 0 2.37152e-322 25 0 0 0 100 
100 0 0 5.90406e-311 2.36162e-310 5.90406e-311 0 0 100 
100 0 0 0 0 0 0 0 100 
100 0 0 0 0 0 0 0 100 
100 0 0 0 0 0 0 0 100 
100 0 0 0 0 0 0 0 100 
100 0 0 0 0 0 0 0 100 
0 0 0 0 0 0 0 0 0 
100 100 100 100 100 100 100 100 100 
100 0 0 2.37152e-322 25 0 0 0 100 
100 0 0 5.92879e-323 2.36162e-310 0 0 0 100 
100 0 0 0 0 0 0 0 100 
100 0 0 0 0 0 0 0 100 
100 0 0 0 0 0 0 0 100 
100 0 0 0 0 0 0 0 100 
100 0 0 0 0 0 0 0 100 
0 0 0 0 0 0 0 0 0 

100 100 100 100 100 100 100 100 100 
100 0 0 0 0 0 0 0 100 
100 0 0 0 0 0 0 0 100 
100 0 0 0 0 0 0 0 100 
100 0 0 0 0 0 0 0 100 
100 0 0 0 0 0 0 0 100 
100 0 0 2.27092e+223 9.08367e+223 2.27092e+223 0 0 100 
100 0 0 1.18576e-322 2.27092e+223 2.35301e-310 0 0 100 
0 0 0 0 0 0 0 0 0 
100 100 100 100 100 100 100 100 100 
100 0 0 0 0 0 0 0 100 
100 0 0 0 0 0 0 0 100 
100 0 0 0 0 0 0 0 100 
100 0 0 0 0 0 0 0 100 
100 0 0 0 0 0 0 0 100 
100 0 0 2.27092e+223 9.08367e+223 2.27092e+223 0 0 100 
100 0 0 1.18576e-322 2.27092e+223 2.35301e-310 0 0 100 
0 0 0 0 0 0 0 0 0 

100 100 100 100 100 100 100 100 100 
100 0 0 0 0 0 0 0 100 
100 0 0 0 0 0 0 0 100 
100 0 0 -nan -nan 0 0 0 100 
100 0 0 -nan 1.18576e-322 2.97655e-317 0 0 100 
100 0 0 -nan -nan 1.19062e-316 0 0 100 
100 0 0 0 0 0 0 0 100 
100 0 0 0 0 0 0 0 100 
0 0 0 0 0 0 0 0 0 
100 100 100 100 100 100 100 100 100 
100 0 0 0 0 0 0 0 100 
100 0 0 0 0 0 0 0 100 
100 0 0 -nan 0 0 0 0 100 
100 0 0 0 1.18576e-322 0 0 0 100 
100 0 0 -nan 0 1.19062e-316 0 0 100 
100 0 0 0 0 0 0 0 100 
100 0 0 0 0 0 0 0 100 
0 0 0 0 0 0 0 0 0 

100 100 100 100 100 100 100 100 100 
100 0 0 0 0 0 0 0 100 
100 0 0 0 0 0 0 0 100 
100 0 0 0 0 0 0 0 100 
100 0 0 0 0 0 0 0 100 
100 0 0 0 0 0 0 0 100 
100 0 0 0 0 0 0 0 100 
100 0 0 0 0 0 0 25 100 
0 0 0 0 0 0 0 0 0 
100 100 100 100 100 100 100 100 100 
100 0 0 0 0 0 0 0 100 
100 0 0 0 0 0 0 0 100 
100 0 0 0 0 0 0 0 100 
100 0 0 0 0 0 0 0 100 
100 0 0 0 0 0 0 0 100 
100 0 0 0 0 0 0 0 100 
100 0 0 0 0 0 0 25 100 
0 0 0 0 0 0 0 0 0 

100 100 100 100 100 100 100 100 100 
100 0 0 0 0 0 0 0 100 
100 0 0 0 0 0 0 0 100 
100 0 0 0 0 0 2.35138e-310 25 100 
100 0 0 0 0 0 1.1757e-310 2.35142e-310 100 
100 0 0 0 0 0 1.5895e-316 25 100 
100 0 0 0 0 0 0 0 100 
100 0 0 0 0 0 0 0 100 
0 0 0 0 0 0 0 0 0 
100 100 100 100 100 100 100 100 100 
100 0 0 0 0 0 0 0 100 
100 0 0 0 0 0 0 0 100 
100 0 0 0 0 0 2.35138e-310 25 100 
100 0 0 0 0 0 1.1757e-310 2.35142e-310 100 
100 0 0 0 0 0 1.5895e-316 25 100 
100 0 0 0 0 0 0 0 100 
100 0 0 0 0 0 0 0 100 
0 0 0 0 0 0 0 0 0 

100 100 100 100 100 100 100 100 100 
100 0 0 0 0 0 0 0 100 
100 0 0 0 0 0 0 0 100 
100 0 0 0 0 0 0 0 100 
100 0 0 0 0 0 0 0 100 
100 0 0 0 0 0 0 0 100 
100 0 0 3.81091e-317 1.52436e-316 5.88253e-311 0 0 100 
100 0 0 1.18576e-322 5.88253e-311 2.35301e-310 0 0 100 
0 0 0 0 0 0 0 0 0 
100 100 100 100 100 100 100 100 100 
100 0 0 0 0 0 0 0 100 
100 0 0 0 0 0 0 0 100 
100 0 0 0 0 0 0 0 100 
100 0 0 0 0 0 0 0 100 
100 0 0 0 0 0 0 0 100 
100 0 0 2.27092e+223 1.52436e-316 2.27092e+223 0 0 100 
100 0 0 1.18576e-322 2.27092e+223 2.35301e-310 0 0 100 
0 0 0 0 0 0 0 0 0 

100 100 100 100 100 100 100 100 100 
100 0 0 0 0 0 0 50 100 
100 0 0 0 0 0 5.85052e-311 2.34021e-310 100 
100 0 0 0 0 0 0 0 100 
100 0 0 0 0 0 0 0 100 
100 0 0 0 0 0 0 0 100 
100 0 0 0 0 0 0 0 100 
100 0 0 0 0 0 0 0 100 
0 0 0 0 0 0 0 0 0 
100 100 100 100 100 100 100 100 100 
100 0 0 0 0 0 0 50 100 
100 0 0 0 0 0 5.85052e-311 2.34021e-310 100 
100 0 0 0 0 0 0 0 100 
100 0 0 0 0 0 0 0 100 
100 0 0 0 0 0 0 0 100 
100 0 0 0 0 0 0 0 100 
100 0 0 0 0 0 0 0 100 
0 0 0 0 0 0 0 0 0 

100 100 100 100 100 100 100 100 100 
100 2.32211e-310 25 0 0 0 0 0 100 
100 25 0 0 0 0 0 0 100 
100 0 0 0 0 0 0 0 100 
100 0 0 0 0 0 0 0 100 
100 0 0 0 0 0 0 0 100 
100 0 0 0 0 0 0 0 100 
100 0 0 0 0 0 0 0 100 
0 0 0 0 0 0 0 0 0 
100 100 100 100 100 100 100 100 100 
100 2.32211e-310 25 0 0 0 0 0 100 
100 25 0 0 0 0 0 0 100 
100 0 0 0 0 0 0 0 100 
100 0 0 0 0 0 0 0 100 
100 0 0 0 0 0 0 0 100 
100 0 0 0 0 0 0 0 100 
100 0 0 0 0 0 0 0 100 
0 0 0 0 0 0 0 0 0 

100 100 100 100 100 100 100 100 100 
100 0 0 0 0 0 0 0 100 
100 0 0 0 0 0 0 0 100 
100 5.53354e-322 2.55961e-317 0 0 0 0 0 100 
100 25 1.02384e-316 0 0 0 0 0 100 
100 2.32656e-310 5.8164e-311 0 0 0 0 0 100 
100 0 0 0 0 0 0 0 100 
100 0 0 0 0 0 0 0 100 
0 0 0 0 0 0 0 0 0 
100 100 100 100 100 100 100 100 100 
100 0 0 0 0 0 0 0 100 
100 0 0 0 0 0 0 0 100 
100 5.53354e-322 2.55961e-317 0 0 0 0 0 100 
100 25 1.02384e-316 0 0 0 0 0 100 
100 2.32656e-310 5.8164e-311 0 0 0 0 0 100 
100 0 0 0 0 0 0 0 100 
100 0 0 0 0 0 0 0 100 
0 0 0 0 0 0 0 0 0 

100 100 100 100 100 100 100 100 100 
100 0 0 0 0 0 0 0 100 
100 0 0 0 0 0 0 0 100 
100 0 0 0 0 0 0 0 100 
100 0 0 0 0 0 0 0 100 
100 0 0 0 0 0 0 0 100 
100 0 0 0 0 0 0 0 100 
100 0 0 0 0 0 0 25 100 
0 0 0 0 0 0 0 0 0 
100 100 100 100 100 100 100 100 100 
100 0 0 0 0 0 0 0 100 
100 0 0 0 0 0 0 0 100 
100 0 0 0 0 0 0 0 100 
100 0 0 0 0 0 0 0 100 
100 0 0 0 0 0 0 0 100 
100 0 0 0 0 0 0 0 100 
100 0 0 0 0 0 0 25 100 
0 0 0 0 0 0 0 0 0 

100 100 100 100 100 100 100 100 100 
100 0 0 0 0 0 0 0 100 
100 0 0 0 0 0 0 0 100 
100 0 0 0 0 0 0 0 100 
100 0 0 0 0 0 0 0 100 
100 0 0 0 0 0 0 0 100 
100 25 2.34601e-310 0 0 0 0 0 100 
100 0 5.86503e-311 0 0 0 0 0 100 
0 0 0 0 0 0 0 0 0 
100 100 100 100 100 100 100 100 100 
100 0 0 0 0 0 0 0 100 
100 0 0 0 0 0 0 0 100 
100 0 0 0 0 0 0 0 100 
100 0 0 0 0 0 0 0 100 
100 0 0 0 0 0 0 0 100 
100 25 2.34601e-310 0 0 0 0 0 100 
100 0 5.86503e-311 0 0 0 0 0 100 
0 0 0 0 0 0 0 0 0 

100 100 100 100 100 100 100 100 100 
100 0 0 0 0 0 0 0 100 
100 0 0 0 0 0 0 0 100 
100 0 0 0 0 0 2.35138e-310 25 100 
100 0 0 0 0 0 1.1757e-310 2.35142e-310 100 
100 0 0 0 0 0 1.5895e-316 25 100 
100 0 0 0 0 0 0 0 100 
100 0 0 0 0 0 0 0 100 
0 0 0 0 0 0 0 0 0 
100 100 100 100 100 100 100 100 100 
100 0 0 0 0 0 0 0 100 
100 0 0 0 0 0 0 0 100 
100 0 0 0 0 0 2.35138e-310 25 100 
100 0 0 0 0 0 1.1757e-310 2.35142e-310 100 
100 0 0 0 0 0 1.5895e-316 25 100 
100 0 0 0 0 0 0 0 100 
100 0 0 0 0 0 0 0 100 
0 0 0 0 0 0 0 0 0 

100 100 100 100 100 100 100 100 100 
100 0 0 2.37152e-322 25 0 0 0 100 
100 0 0 5.92879e-323 0 0 0 0 100 
100 0 0 0 0 0 0 0 100 
100 0 0 0 0 0 0 0 100 
100 0 0 0 0 0 0 0 100 
100 0 0 0 0 0 0 0 100 
100 0 0 0 0 0 0 0 100 
0 0 0 0 0 0 0 0 0 
100 100 100 100 100 100 100 100 100 
100 0 0 2.37152e-322 25 0 0 0 100 
100 0 0 5.90406e-311 0 5.90406e-311 0 0 100 
100 0 0 0 0 0 0 0 100 
100 0 0 0 0 0 0 0 100 
100 0 0 0 0 0 0 0 100 
100 0 0 0 0 0 0 0 100 
100 0 0 0 0 0 0 0 100 
0 0 0 0 0 0 0 0 0 

100 100 100 100 100 100 100 100 100 
100 0 0 0 0 0 0 0 100 
100 0 0 0 0 0 0 0 100 
100 0 0 0 0 0 0 0 100 
100 0 0 3.95253e-323 0 0 0 0 100 
100 0 0 1.63042e-322 3.95253e-323 0 0 0 100 
100 0 0 0 0 0 0 0 100 
100 0 0 0 0 0 0 0 100 
0 0 0 0 0 0 0 0 0 
100 100 100 100 100 100 100 100 100 
100 0 0 0 0 0 0 0 100 
100 0 0 0 0 0 0 0 100 
100 0 0 0 -nan 0 0 0 100 
100 0 0 -nan 0 2.97655e-317 0 0 100 
100 0 0 1.63042e-322 -nan 0 0 0 100 
100 0 0 0 0 0 0 0 100 
100 0 0 0 0 0 0 0 100 
0 0 0 0 0 0 0 0 0 

100 100 100 100 100 100 100 100 100 
100 0 0 0 0 0 0 0 100 
100 0 0 0 0 0 0 0 100 
100 0 0 -nan -nan 0 0 0 100 
100 0 0 -nan 1.18576e-322 2.97655e-317 0 0 100 
100 0 0 -nan -nan 1.19062e-316 0 0 100 
100 0 0 0 0 0 0 0 100 
100 0 0 0 0 0 0 0 100 
0 0 0 0 0 0 0 0 0 
100 100 100 100 100 100 100 100 100 
100 0 0 0 0 0 0 0 100 
100 0 0 0 0 0 0 0 100 
100 0 0 -nan 0 0 0 0 100 
100 0 0 3.95253e-323 1.18576e-322 0 0 0 100 
100 0 0 -nan 3.95253e-323 1.19062e-316 0 0 100 
100 0 0 0 0 0 0 0 100 
100 0 0 0 0 0 0 0 100 
0 0 0 0 0 0 0 0 0 

100 100 100 100 100 100 100 100 100 
100 0 0 0 0 0 0 0 100 
100 0 0 0 0 0 0 0 100 
100 0 0 0 0 0 2.35138e-310 25 100 
100 0 0 0 0 0 1.1757e-310 2.35142e-310 100 
100 0 0 0 0 0 1.5895e-316 25 100 
100 0 0 0 0 0 0 0 100 
100 0 0 0 0 0 0 0 100 
0 0 0 0 0 0 0 0 0 
100 100 100 100 100 100 100 100 100 
100 0 0 0 0 0 0 0 100 
100 0 0 0 0 0 0 0 100 
100 0 0 0 0 0 2.35138e-310 25 100 
100 0 0 0 0 0 1.1757e-310 2.35142e-310 100 
100 0 0 0 0 0 1.5895e-316 25 100 
100 0 0 0 0 0 0 0 100 
100 0 0 0 0 0 0 0 100 
0 0 0 0 0 0 0 0 0 

100 100 100 100 100 100 100 100 100 
100 0 0 0 0 0 0 0 100 
100 0 0 0 0 0 0 0 100 
100 0 0 0 0 0 0 0 100 
100 0 0 0 0 0 0 0 100 
100 0 0 0 0 0 0 0 100 
100 25 2.34601e-310 0 0 0 0 0 100 
100 0 5.86503e-311 0 0 0 0 0 100 
0 0 0 0 0 0 0 0 0 
100 100 100 100 100 100 100 100 100 
100 0 0 0 0 0 0 0 100 
100 0 0 0 0 0 0 0 100 
100 0 0 0 0 0 0 0 100 
100 0 0 0 0 0 0 0 100 
100 0 0 0 0 0 0 0 100 
100 25 2.34601e-310 0 0 0 0 0 100 
100 0 5.86503e-311 0 0 0 0 0 100 
0 0 0 0 0 0 0 0 0 

100 100 100 100 100 100 100 100 100 
100 0 0 0 0 0 0 0 100 
100 0 0 0 0 0 0 0 100 
100 0 0 0 0 0 0 0 100 
100 0 0 0 0 0 0 0 100 
100 0 0 0 0 0 0 0 100 
100 0 0 5.88249e-311 2.353e-310 1.1765e-310 0 0 100 
100 0 0 1.18576e-322 1.1765e-310 2.35301e-310 0 0 100 
0 0 0 0 0 0 0 0 0 
100 100 100 100 100 100 100 100 100 
100 0 0 0 0 0 0 0 100 
100 0 0 0 0 0 0 0 100 
100 0 0 0 0 0 0 0 100 
100 0 0 0 0 0 0 0 100 
100 0 0 0 0 0 0 0 100 
100 0 0 3.81091e-317 2.353e-310 5.88253e-311 0 0 100 
100 0 0 1.18576e-322 5.88253e-311 2.35301e-310 0 0 100 
0 0 0 0 0 0 0 0 0 

100 100 100 100 100 100 100 100 100 
100 0 0 2.37152e-322 25 0 0 0 100 
100 0 0 5.92879e-323 0 0 0 0 100 
100 0 0 0 0 0 0 0 100 
100 0 0 0 0 0 0 0 100 
100 0 0 0 0 0 0 0 100 
100 0 0 0 0 0 0 0 100 
100 0 0 0 0 0 0 0 100 
0 0 0 0 0 0 0 0 0 
100 100 100 100 100 100 100 100 100 
100 0 0 2.37152e-322 25 0 0 0 100 
100 0 0 5.92879e-323 0 0 0 0 100 
100 0 0 0 0 0 0 0 100 
100 0 0 0 0 0 0 0 100 
100 0 0 0 0 0 0 0 100 
100 0 0 0 0 0 0 0 100 
100 0 0 0 0 0 0 0 100 
0 0 0 0 0 0 0 0 0 

100 100 100 100 100 100 100 100 100 
100 0 0 0 0 0 0 50 100 
100 0 0 0 0 0 5.85052e-311 2.34021e-310 100 
100 0 0 0 0 0 0 0 100 
100 0 0 0 0 0 0 0 100 
100 0 0 0 0 0 0 0 100 
100 0 0 0 0 0 0 0 100 
100 0 0 0 0 0 0 0 100 
0 0 0 0 0 0 0 0 0 
100 100 100 100 100 100 100 100 100 
100 0 0 0 0 0 0 50 100 
100 0 0 0 0 0 5.85052e-311 2.34021e-310 100 
100 0 0 0 0 0 0 0 100 
100 0 0 0 0 0 0 0 100 
100 0 0 0 0 0 0 0 100 
100 0 0 0 0 0 0 0 100 
100 0 0 0 0 0 0 0 100 
0 0 0 0 0 0 0 0 0 

100 100 100 100 100 100 100 100 100 
100 2.32211e-310 25 0 0 0 0 0 100 
100 25 0 0 0 0 0 0 100 
100 0 0 0 0 0 0 0 100 
100 0 0 0 0 0 0 0 100 
100 0 0 0 0 0 0 0 100 
100 0 0 0 0 0 0 0 100 
100 0 0 0 0 0 0 0 100 
0 0 0 0 0 0 0 0 0 
100 100 100 100 100 100 100 100 100 
100 2.32211e-310 25 0 0 0 0 0 100 
100 25 0 0 0 0 0 0 100 
100 0 0 0 0 0 0 0 100 
100 0 0 0 0 0 0 0 100 
100 0 0 0 0 0 0 0 100 
100 0 0 0 0 0 0 0 100 
100 0 0 0 0 0 0 0 100 
0 0 0 0 0 0 0 0 0 

100 100 100 100 100 100 100 100 100 
100 0 0 0 0 0 0 0 100 
100 0 0 0 0 0 0 0 100 
100 0 0 0 0 0 0 0 100 
100 0 0 0 0 0 0 0 100 
100 0 0 0 0 0 0 0 100 
100 0 0 0 0 0 0 0 100 
100 0 0 0 0 0 0 25 100 
0 0 0 0 0 0 0 0 0 
100 100 100 100 100 100 100 100 100 
100 0 0 0 0 0 0 0 100 
100 0 0 0 0 0 0 0 100 
100 0 0 0 0 0 0 0 100 
100 0 0 0 0 0 0 0 100 
100 0 0 0 0 0 0 0 100 
100 0 0 0 0 0 0 0 100 
100 0 0 0 0 0 0 25 100 
0 0 0 0 0 0 0 0 0 

100 100 100 100 100 100 100 100 100 
100 50 1.08694e-322 0 0 0 0 0 100 
100 0 2.96439e-323 0 0 0 0 0 100 
100 0 0 0 0 0 0 0 100 
100 0 0 0 0 0 0 0 100 
100 0 0 0 0 0 0 0 100 
100 0 0 0 0 0 0 0 100 
100 0 0 0 0 0 0 0 100 
0 0 0 0 0 0 0 0 0 

100 100 100 100 100 100 100 100 100 
100 0 0 0 0 0 0 0 100 
100 0 0 0 0 0 0 0 100 
100 5.53354e-322 2.55961e-317 0 0 0 0 0 100 
100 25 1.02384e-316 0 0 0 0 0 100 
100 2.32656e-310 5.8164e-311 0 0 0 0 0 100 
100 0 0 0 0 0 0 0 100 
100 0 0 0 0 0 0 0 100 
0 0 0 0 0 0 0 0 0 
100 100 100 100 100 100 100 100 100 
100 0 0 0 0 0 0 0 100 
100 0 0 0 0 0 0 0 100 
100 5.53354e-322 2.55961e-317 0 0 0 0 0 100 
100 25 1.02384e-316 0 0 0 0 0 100 
100 2.32656e-310 5.8164e-311 0 0 0 0 0 100 
100 0 0 0 0 0 0 0 100 
100 0 0 0 0 0 0 0 100 
0 0 0 0 0 0 0 0 0 

Time difference = 130535152
