
-----0-----
100 100 100 100 100 
100 75 68.75 62.5 100 
100 68.75 25 59.375 100 
100 37.5 28.125 25 100 
0 0 0 0 0 

100 100 100 100 100 
100 50 50 50 100 
100 50 50 50 100 
100 50 50 50 100 
0 0 0 0 0 

-----0-----

-----1-----
100 100 100 100 100 
100 84.375 67.9688 82.0312 100 
100 61.7188 56.25 65.8203 100 
100 49.2188 32.6172 46.875 100 
0 0 0 0 0 

100 100 100 100 100 
100 75 68.75 62.5 100 
100 68.75 25 59.375 100 
100 37.5 28.125 25 100 
0 0 0 0 0 

-----1-----

-----2-----
100 100 100 100 100 
100 82.4219 80.1758 83.4473 100 
100 71.9727 57.0312 71.8384 100 
100 48.584 38.1226 49.6094 100 
0 0 0 0 0 

100 100 100 100 100 
100 84.375 67.9688 82.0312 100 
100 61.7188 56.25 65.8203 100 
100 49.2188 32.6172 46.875 100 
0 0 0 0 0 

-----2-----

-----3-----
100 100 100 100 100 
100 88.0371 82.1289 88.0035 100 
100 73.4131 65.5273 75.7851 100 
100 52.5238 41.9151 52.4902 100 
0 0 0 0 0 

100 100 100 100 100 
100 82.4219 80.1758 83.4473 100 
100 71.9727 57.0312 71.8384 100 
100 48.584 38.1226 49.6094 100 
0 0 0 0 0 

-----3-----

-----4-----
100 100 100 100 100 
100 88.8855 85.6041 89.4785 100 
100 76.7342 68.3105 77.5698 100 
100 53.8321 43.6582 54.425 100 
0 0 0 0 0 

100 100 100 100 100 
100 88.0371 82.1289 88.0035 100 
100 73.4131 65.5273 75.7851 100 
100 52.5238 41.9151 52.4902 100 
0 0 0 0 0 

-----4-----

-----5-----
100 100 100 100 100 
100 90.5846 87.0934 90.7935 100 
100 78.1818 70.8916 79.0275 100 
100 55.0981 45.1037 55.307 100 
0 0 0 0 0 

100 100 100 100 100 
100 88.8855 85.6041 89.4785 100 
100 76.7342 68.3105 77.5698 100 
100 53.8321 43.6582 54.425 100 
0 0 0 0 0 

-----5-----

-----6-----
100 100 100 100 100 
100 91.3188 88.251 91.5302 100 
100 79.3271 72.3516 79.7972 100 
100 55.8214 45.87 56.0328 100 
0 0 0 0 0 

100 100 100 100 100 
100 90.5846 87.0934 90.7935 100 
100 78.1818 70.8916 79.0275 100 
100 55.0981 45.1037 55.307 100 
0 0 0 0 0 

-----6-----

-----7-----
100 100 100 100 100 
100 91.8945 88.9441 92.012 100 
100 80.0169 73.3113 80.339 100 
100 56.2993 46.4108 56.4168 100 
0 0 0 0 0 

100 100 100 100 100 
100 91.3188 88.251 91.5302 100 
100 79.3271 72.3516 79.7972 100 
100 55.8214 45.87 56.0328 100 
0 0 0 0 0 

-----7-----

-----8-----
100 100 100 100 100 
100 92.2402 89.3909 92.3208 100 
100 80.4627 73.9277 80.6663 100 
100 56.6069 46.7379 56.6875 100 
0 0 0 0 0 

100 100 100 100 100 
100 91.8945 88.9441 92.012 100 
100 80.0169 73.3113 80.339 100 
100 56.2993 46.4108 56.4168 100 
0 0 0 0 0 

-----8-----

-----9-----
100 100 100 100 100 
100 92.4634 89.678 92.5143 100 
100 80.7495 74.3144 80.8791 100 
100 56.8001 46.9505 56.851 100 
0 0 0 0 0 

100 100 100 100 100 
100 92.2402 89.3909 92.3208 100 
100 80.4627 73.9277 80.6663 100 
100 56.6069 46.7379 56.6875 100 
0 0 0 0 0 

-----9-----

-----10-----
100 100 100 100 100 
100 92.6069 89.8589 92.6393 100 
100 80.9304 74.5643 81.0136 100 
100 56.925 47.0851 56.9574 100 
0 0 0 0 0 

100 100 100 100 100 
100 92.4634 89.678 92.5143 100 
100 80.7495 74.3144 80.8791 100 
100 56.8001 46.9505 56.851 100 
0 0 0 0 0 

-----10-----

-----11-----
100 100 100 100 100 
100 92.6973 89.9752 92.7181 100 
100 81.0466 74.722 81.0994 100 
100 57.0039 47.1708 57.0247 100 
0 0 0 0 0 

100 100 100 100 100 
100 92.6069 89.8589 92.6393 100 
100 80.9304 74.5643 81.0136 100 
100 56.925 47.0851 56.9574 100 
0 0 0 0 0 

-----11-----

-----12-----
100 100 100 100 100 
100 92.7555 90.0489 92.7686 100 
100 81.1203 74.823 81.1541 100 
100 57.0544 47.2255 57.0675 100 
0 0 0 0 0 

100 100 100 100 100 
100 92.6973 89.9752 92.7181 100 
100 81.0466 74.722 81.0994 100 
100 57.0039 47.1708 57.0247 100 
0 0 0 0 0 

-----12-----

-----13-----
100 100 100 100 100 
100 92.7923 90.096 92.8007 100 
100 81.1674 74.8872 81.1889 100 
100 57.0865 47.2603 57.0949 100 
0 0 0 0 0 

100 100 100 100 100 
100 92.7555 90.0489 92.7686 100 
100 81.1203 74.823 81.1541 100 
100 57.0544 47.2255 57.0675 100 
0 0 0 0 0 

-----13-----

-----14-----
100 100 100 100 100 
100 92.8159 90.126 92.8212 100 
100 81.1974 74.9281 81.2111 100 
100 57.1069 47.2825 57.1123 100 
0 0 0 0 0 

100 100 100 100 100 
100 92.7923 90.096 92.8007 100 
100 81.1674 74.8872 81.1889 100 
100 57.0865 47.2603 57.0949 100 
0 0 0 0 0 

-----14-----

-----15-----
100 100 100 100 100 
100 92.8308 90.145 92.8343 100 
100 81.2165 74.9542 81.2252 100 
100 57.12 47.2966 57.1234 100 
0 0 0 0 0 

100 100 100 100 100 
100 92.8159 90.126 92.8212 100 
100 81.1974 74.9281 81.2111 100 
100 57.1069 47.2825 57.1123 100 
0 0 0 0 0 

-----15-----

100 100 100 100 100 
100 92.8308 90.145 92.8343 100 
100 81.2165 74.9542 81.2252 100 
100 57.12 47.2966 57.1234 100 
0 0 0 0 0 

16
