-----0-----
100 100 100 100 100 
100 75 68.75 79.6875 100 
100 68.75 59.375 72.2656 100 
100 54.6875 41.0156 53.3203 100 
0 0 0 0 0 

100 100 100 100 100 
100 50 50 50 100 
100 50 50 50 100 
100 50 50 50 100 
0 0 0 0 0 

-----0-----

-----1-----
100 100 100 100 100 
100 84.375 80.8594 88.2812 100 
100 74.6094 67.1875 77.1973 100 
100 53.9062 43.6035 55.2002 100 
0 0 0 0 0 

100 100 100 100 100 
100 75 68.75 79.6875 100 
100 68.75 59.375 72.2656 100 
100 54.6875 41.0156 53.3203 100 
0 0 0 0 0 

-----1-----

-----2-----
100 100 100 100 100 
100 88.8672 86.084 90.8203 100 
100 77.4902 71.0938 79.2786 100 
100 55.2734 45.3918 56.1676 100 
0 0 0 0 0 

100 100 100 100 100 
100 84.375 80.8594 88.2812 100 
100 74.6094 67.1875 77.1973 100 
100 53.9062 43.6035 55.2002 100 
0 0 0 0 0 

-----2-----

-----3-----
100 100 100 100 100 
100 90.8936 88.2019 91.8701 100 
100 79.3152 73.0469 80.2711 100 
100 56.1768 46.3478 56.6547 100 
0 0 0 0 0 

100 100 100 100 100 
100 88.8672 86.084 90.8203 100 
100 77.4902 71.0938 79.2786 100 
100 55.2734 45.3918 56.1676 100 
0 0 0 0 0 

-----3-----

-----4-----
100 100 100 100 100 
100 91.8793 89.1991 92.3676 100 
100 80.2757 74.0234 80.7614 100 
100 56.6559 46.8335 56.8987 100 
0 0 0 0 0 

100 100 100 100 100 
100 90.8936 88.2019 91.8701 100 
100 79.3152 73.0469 80.2711 100 
100 56.1768 46.3478 56.6547 100 
0 0 0 0 0 

-----4-----

-----5-----
100 100 100 100 100 
100 92.3687 89.6899 92.6128 100 
100 80.762 74.5117 81.0058 100 
100 56.8989 47.0773 57.0208 100 
0 0 0 0 0 

100 100 100 100 100 
100 91.8793 89.1991 92.3676 100 
100 80.2757 74.0234 80.7614 100 
100 56.6559 46.8335 56.8987 100 
0 0 0 0 0 

-----5-----

-----6-----
100 100 100 100 100 
100 92.613 89.9344 92.7351 100 
100 81.0059 74.7559 81.1279 100 
100 57.0208 47.1994 57.0818 100 
0 0 0 0 0 

100 100 100 100 100 
100 92.3687 89.6899 92.6128 100 
100 80.762 74.5117 81.0058 100 
100 56.8989 47.0773 57.0208 100 
0 0 0 0 0 

-----6-----

-----7-----
100 100 100 100 100 
100 92.7351 90.0565 92.7961 100 
100 81.1279 74.8779 81.189 100 
100 57.0818 47.2604 57.1123 100 
0 0 0 0 0 

100 100 100 100 100 
100 92.613 89.9344 92.7351 100 
100 81.0059 74.7559 81.1279 100 
100 57.0208 47.1994 57.0818 100 
0 0 0 0 0 

-----7-----

-----8-----
100 100 100 100 100 
100 92.7961 90.1175 92.8266 100 
100 81.189 74.939 81.2195 100 
100 57.1123 47.2909 57.1276 100 
0 0 0 0 0 

100 100 100 100 100 
100 92.7351 90.0565 92.7961 100 
100 81.1279 74.8779 81.189 100 
100 57.0818 47.2604 57.1123 100 
0 0 0 0 0 

-----8-----

-----9-----
100 100 100 100 100 
100 92.8266 90.1481 92.8419 100 
100 81.2195 74.9695 81.2347 100 
100 57.1276 47.3062 57.1352 100 
0 0 0 0 0 

100 100 100 100 100 
100 92.7961 90.1175 92.8266 100 
100 81.189 74.939 81.2195 100 
100 57.1123 47.2909 57.1276 100 
0 0 0 0 0 

-----9-----

100 100 100 100 100 
100 92.8266 90.1481 92.8419 100 
100 81.2195 74.9695 81.2347 100 
100 57.1276 47.3062 57.1352 100 
0 0 0 0 0 

10

